Test case 0 : 
Time: 7038
Order: [7,4,2,10,1,6,3,5,8,9,0]
Test case 1 : 
Time: 8366
Order: [6,7,2,1,3,4,0,5]
Test case 2 : 
Time: 7166
Order: [6,2,3,10,12,1,7,4,8,0,11,5,9]
Test case 3 : 
Time: 7312
Order: [10,11,5,4,9,2,1,8,3,6,7,0]
Test case 4 : 
Time: 8003
Order: [3,8,6,13,11,5,12,0,2,1,9,10,7,4]
Test case 5 : 
Time: 7720
Order: [4,3,0,2,9,1,7,5,8,6]
Test case 6 : 
Time: 1431
Order: [15,13,11,8,3,10,12,9,18,7,19,0,14,17,2,4,1,16,6,5]
Test case 7 : 
Time: 1950
Order: [5,14,11,15,8,4,13,16,12,19,0,18,2,17,9,10,7,6,1,3]
Test case 8 : 
Time: 1109
Order: [5,13,6,0,1,3,2,18,10,7,8,16,11,15,9,4,14,12,17,19]
Test case 9 : 
Time: 1902
Order: [7,16,12,17,19,4,10,15,1,14,0,18,2,3,11,5,13,9,6,8]
Test case 10 : 
Time: 3277
Order: [12,13,39,49,8,41,16,28,23,20,18,38,5,19,17,24,10,26,9,1,4,37,44,43,2,42,47,32,33,14,0,7,35,36,11,40,6,27,34,22,45,3,48,29,25,46,31,21,15,30]
